rotation_setpoint: 20
low_hsv: [52.1685761047 , 72.1198754541 , 96.1428685482]
high_hsv: [95.5321144864 , 255 , 255]